e4a00bd4-2647-4e4a-9917-49106df0d46b_test_DLinear_ETTh1_ftM_sl96_ll0_pl96_dm512_nh8_el2_dl1_df2048_fc1_ebtimeF_dtTrue_test_0  
mse:0.5280382037162781, mae:0.512023389339447, rse:0.6902247071266174, corr:[0.27349287 0.27077433 0.26785618 0.26708487 0.26661515 0.26301184
 0.2608648  0.26100492 0.25987217 0.2580849  0.25839832 0.25884876
 0.2611037  0.2579601  0.25735062 0.25962004 0.25756246 0.2598472
 0.25948498 0.26041558 0.2572188  0.2579317  0.25858042 0.25956917
 0.2589006  0.25806805 0.2595937  0.25842255 0.2590408  0.2589714
 0.25668028 0.25670606 0.25597805 0.25552246 0.25349715 0.25448745
 0.25359923 0.25365496 0.25408086 0.25441408 0.25386068 0.2537303
 0.25296128 0.2524751  0.25413087 0.25398943 0.25300273 0.25098154
 0.25237715 0.24641936 0.24941134 0.24882883 0.24676977 0.24613354
 0.24264394 0.24394195 0.24326777 0.2441509  0.24566421 0.24313216
 0.24088705 0.24232875 0.24491328 0.24326825 0.24160014 0.24102743
 0.24303272 0.24116082 0.24066451 0.24243863 0.24121258 0.24277899
 0.24097317 0.23884267 0.23881942 0.2354191  0.23907793 0.23770718
 0.23930673 0.23582195 0.23662603 0.23496847 0.23396558 0.2383225
 0.23468645 0.23271793 0.23291235 0.23518865 0.23558457 0.23652612
 0.23483387 0.23630346 0.23703781 0.23490109 0.23405685 0.23736268]

5347a242-1a6e-4d59-87c5-1c0cc31d88a9_test_DLinear_ETTh1_ftM_sl96_ll0_pl96_dm512_nh8_el2_dl1_df2048_fc1_ebtimeF_dtTrue_test_0  
mse:0.5280382037162781, mae:0.512023389339447, rse:0.6902247071266174, corr:[0.27349287 0.27077433 0.26785618 0.26708487 0.26661515 0.26301184
 0.2608648  0.26100492 0.25987217 0.2580849  0.25839832 0.25884876
 0.2611037  0.2579601  0.25735062 0.25962004 0.25756246 0.2598472
 0.25948498 0.26041558 0.2572188  0.2579317  0.25858042 0.25956917
 0.2589006  0.25806805 0.2595937  0.25842255 0.2590408  0.2589714
 0.25668028 0.25670606 0.25597805 0.25552246 0.25349715 0.25448745
 0.25359923 0.25365496 0.25408086 0.25441408 0.25386068 0.2537303
 0.25296128 0.2524751  0.25413087 0.25398943 0.25300273 0.25098154
 0.25237715 0.24641936 0.24941134 0.24882883 0.24676977 0.24613354
 0.24264394 0.24394195 0.24326777 0.2441509  0.24566421 0.24313216
 0.24088705 0.24232875 0.24491328 0.24326825 0.24160014 0.24102743
 0.24303272 0.24116082 0.24066451 0.24243863 0.24121258 0.24277899
 0.24097317 0.23884267 0.23881942 0.2354191  0.23907793 0.23770718
 0.23930673 0.23582195 0.23662603 0.23496847 0.23396558 0.2383225
 0.23468645 0.23271793 0.23291235 0.23518865 0.23558457 0.23652612
 0.23483387 0.23630346 0.23703781 0.23490109 0.23405685 0.23736268]

test_DLinear_ETTh1.csv_ETTh1.csv_ftM_sl336_pl96_ll0_channelindependence0uid05a8aa43-0a55-4296-bc84-b12ce62a40f9_tr0_0  
mse:0.8062679171562195, mae:0.6708822846412659, rse:0.8528988361358643, corr:[0.26954702 0.2702971  0.26527032 0.26476395 0.26399684 0.25981107
 0.25661477 0.25346842 0.25649583 0.25400373 0.25502765 0.25716063
 0.25371426 0.2522429  0.25177073 0.2523057  0.25380522 0.24933639
 0.25074768 0.24938338 0.25094464 0.25259495 0.2514273  0.24930751
 0.24974518 0.24867232 0.2444485  0.2465817  0.24380556 0.2451456
 0.24420959 0.2457924  0.24183862 0.24103922 0.24299142 0.24380878
 0.23902677 0.24094836 0.24262264 0.24077831 0.24167638 0.23851751
 0.2401418  0.23928358 0.23857339 0.24112123 0.23845717 0.23839192
 0.2397012  0.23463644 0.23629898 0.23212902 0.23110789 0.23234724
 0.22994079 0.22752735 0.23419751 0.22935894 0.2319198  0.22883447
 0.2266386  0.22797425 0.22810224 0.22804148 0.22582966 0.22719051
 0.22829737 0.22869426 0.22599168 0.22364347 0.22709209 0.22493365
 0.22669569 0.22286783 0.22623731 0.22208971 0.22127031 0.22053957
 0.22048402 0.219237   0.21892367 0.22153443 0.2240773  0.21706104
 0.21992815 0.21949977 0.21891525 0.21937837 0.21863571 0.21758954
 0.215578   0.21898916 0.21484512 0.21737604 0.21452625 0.21440507]

test_DLinear_ETTh1.csv_ETTh1.csv_ftM_sl512_pl96_ll0_channelindependence0uid636564c3-0019-4318-bd20-6c631317c606_tr1_0  
mse:1.0868024826049805, mae:0.8026422262191772, rse:0.9902232885360718, corr:[0.255563   0.2648727  0.25648838 0.25823805 0.2592037  0.24698833
 0.24806985 0.2460612  0.24583644 0.24885726 0.24624607 0.24144651
 0.24067076 0.24211974 0.23179388 0.240636   0.23606634 0.22753744
 0.23489511 0.23633829 0.22821613 0.2394579  0.22649856 0.2362419
 0.2398968  0.2310204  0.23449452 0.22039826 0.22801828 0.2224786
 0.21932994 0.22777314 0.22227098 0.22653337 0.23115888 0.22735493
 0.21281832 0.22765674 0.21080716 0.21643429 0.21415615 0.21001604
 0.22352451 0.224567   0.21717286 0.21956936 0.21974073 0.21546449
 0.21393985 0.20539872 0.21013352 0.21209462 0.21396497 0.20450537
 0.2004134  0.20544584 0.19338427 0.18806195 0.1919765  0.1973972
 0.19380559 0.20147535 0.19887006 0.18846159 0.19048636 0.19638224
 0.19126514 0.18673839 0.18470035 0.19479425 0.18935119 0.20044634
 0.19505416 0.20616525 0.19799146 0.19747667 0.19238646 0.19470885
 0.19684069 0.20353746 0.20130536 0.2031154  0.19950886 0.20333192
 0.202476   0.20067775 0.1998398  0.19580404 0.19252758 0.19041988
 0.20259531 0.19465849 0.18433839 0.19539353 0.19853786 0.20227435]

test_DLinear_ETTh1.csv_ETTh1.csv_ftM_sl336_pl96_ll0_channelindependence0uid0d34797a-bf19-470f-b0aa-a36a0da0fd6e_tr0_0  
mse:0.8062679171562195, mae:0.6708822846412659, rse:0.8528988361358643, corr:[0.26954702 0.2702971  0.26527032 0.26476395 0.26399684 0.25981107
 0.25661477 0.25346842 0.25649583 0.25400373 0.25502765 0.25716063
 0.25371426 0.2522429  0.25177073 0.2523057  0.25380522 0.24933639
 0.25074768 0.24938338 0.25094464 0.25259495 0.2514273  0.24930751
 0.24974518 0.24867232 0.2444485  0.2465817  0.24380556 0.2451456
 0.24420959 0.2457924  0.24183862 0.24103922 0.24299142 0.24380878
 0.23902677 0.24094836 0.24262264 0.24077831 0.24167638 0.23851751
 0.2401418  0.23928358 0.23857339 0.24112123 0.23845717 0.23839192
 0.2397012  0.23463644 0.23629898 0.23212902 0.23110789 0.23234724
 0.22994079 0.22752735 0.23419751 0.22935894 0.2319198  0.22883447
 0.2266386  0.22797425 0.22810224 0.22804148 0.22582966 0.22719051
 0.22829737 0.22869426 0.22599168 0.22364347 0.22709209 0.22493365
 0.22669569 0.22286783 0.22623731 0.22208971 0.22127031 0.22053957
 0.22048402 0.219237   0.21892367 0.22153443 0.2240773  0.21706104
 0.21992815 0.21949977 0.21891525 0.21937837 0.21863571 0.21758954
 0.215578   0.21898916 0.21484512 0.21737604 0.21452625 0.21440507]

test_DLinear_ETTh1.csv_ETTh1.csv_ftM_sl512_pl96_ll0_channelindependence0uidbb10cd9b-484e-4a59-855a-91f38f59ad30_tr1_0  
mse:1.0868024826049805, mae:0.8026422262191772, rse:0.9902232885360718, corr:[0.255563   0.2648727  0.25648838 0.25823805 0.2592037  0.24698833
 0.24806985 0.2460612  0.24583644 0.24885726 0.24624607 0.24144651
 0.24067076 0.24211974 0.23179388 0.240636   0.23606634 0.22753744
 0.23489511 0.23633829 0.22821613 0.2394579  0.22649856 0.2362419
 0.2398968  0.2310204  0.23449452 0.22039826 0.22801828 0.2224786
 0.21932994 0.22777314 0.22227098 0.22653337 0.23115888 0.22735493
 0.21281832 0.22765674 0.21080716 0.21643429 0.21415615 0.21001604
 0.22352451 0.224567   0.21717286 0.21956936 0.21974073 0.21546449
 0.21393985 0.20539872 0.21013352 0.21209462 0.21396497 0.20450537
 0.2004134  0.20544584 0.19338427 0.18806195 0.1919765  0.1973972
 0.19380559 0.20147535 0.19887006 0.18846159 0.19048636 0.19638224
 0.19126514 0.18673839 0.18470035 0.19479425 0.18935119 0.20044634
 0.19505416 0.20616525 0.19799146 0.19747667 0.19238646 0.19470885
 0.19684069 0.20353746 0.20130536 0.2031154  0.19950886 0.20333192
 0.202476   0.20067775 0.1998398  0.19580404 0.19252758 0.19041988
 0.20259531 0.19465849 0.18433839 0.19539353 0.19853786 0.20227435]

